1375
7697
8027
9695
10161
11188
11825
12379
12757
12766
12792
13325
14366
14432
14886
15652
16317
17392
17946
19181
20362
20765
22415
22899
23447
26164
26645
27070
27919
30429
31540
31578
31733
32695
33940
33998
34170
35478
35962
36459
36544
39708
40380
40884
41754
41802
44436
44613
45306
45493
45524
45599
46640
47734
48559
48733
49845
49884
50535
53719
54229
55534
56359
57866
58841
60297
60602
61524
61830
62357
63017
63182
64836
66753
67053
67082
67262
67742
68237
69145
69284
69572
69934
70213
70421
71429
72222
72509
73000
73234
74461
75334
77603
78640
79274
79831
79971
80215
80408
80801
81397
81611
81707
82779
83325
86514
89005
91566
92176
92445
93219
93778
93836
95494
97367
98671
98689
99999
100253
101643
102447
103583
103821
103881
104408
104435
106194
108446
110023
110257
110507
112327
113716
113845
114202
114424
114705
115316
115358
115649
116731
116803
118885
120907
121610
121785
121977
122459
123268
123620
124132
124734
125036
126381
126536
126751
128102
128943
129557
129719
130328
130967
131330
131731
136736
137273
138494
139344
139386
140179
141986
143089
143386
143661
145642
145989
147301
147547
148348
148786
148815
149102
151094
151694
152089
152341
152724
155212
156406
156836
159220
160429
161193
161266
161278
161436
162216
165053
165907
165930
167467
168558
169282
169863
170326
172366
173580
173864
174011
174099
174282
174357
176414
177058
178144
181079
181216
181837
183231
184161
184614
186179
187063
187810
188637
190806
191005
191972
192357
193046
196721
201062
201930
202548
202557
202964
203818
204424
205486
206410
206913
207331
208894
209813
211113
211408
211431
211725
211839
212514
213577
213911
215223
215840
216517
217463
218113
218196
218784
221120
221360
222344
224278
225087
225264
225343
225345
225663
227184
227517
228222
228392
229138
231426
231503
232290
232417
233354
233538
234316
234997
237954
239706
241073
242404
242549
242695
243028
246641
248116
248280
249805
252873
255746
255930
257020
258823
258890
259242
260453
261955
262012
262588
264767
264797
264884
264969
266133
266310
268071
268213
268276
268793
269232
269504
269790
269973
270035
271753
272100
274012
274139
274897
277448
277524
278174
279066
279187
279511
279990
280740
281105
281262
281442
282899
283589
284418
284684
284964
285686
285913
287364
287496
288026
288547
290452
292982
292998
293252
293341
293689
295831
296191
298141
299676
300024
301432
301646
301749
303010
303367
304223
306975
307108
307781
309563
309635
313116
313134
313710
314139
315156
315461
315504
316575
319136
319766
320238
321511
322269
323028
324286
324401
324603
325229
325441
327575
328246
329268
329394
329733
329989
330487
332723
333241
333415
333749
333819
334041
335027
336492
337007
338363
341916
345781
346547
346749
347097
348056
349030
350108
350631
351610
351760
353306
354258
354545
354631
356817
357113
357132
359917
360045
361193
362524
363546
363933
364160
366577
366591
367853
368764
369170
369721
370117
372112
373184
373410
374077
374201
374904
374916
375140
377716
378001
378272
379038
379462
381003
381470
382951
383172
383760
383857
385339
386467
388106
389946
390625
390864
392776
393127
394248
394504
395097
395120
396115
398177
401059
401362
402957
403525
403556
404585
404751
404982
406359
406772
407545
407585
408351
409078
409134
409408
415365
415548
415839
417089
417887
418479
418989
419718
420363
420403
420629
421502
421578
422351
423184
423585
423829
424434
425041
427149
427613
429242
431597
431650
433240
435011
435544
435908
435951
438753
439364
443778
444315
445517
445528
445990
449098
449504
451701
452789
452953
453644
454619
455353
456637
457169
457651
460118
461744
462880
463039
463859
464321
464898
466153
467082
467491
468891
468960
469034
469287
469317
469392
469495
471156
471261
471837
471905
472922
472938
474543
474784
474970
477321
478391
478577
478670
479314
479582
480940
481290
482197
482659
483304
484007
484992
485369
485830
486005
489099
489510
490578
490850
491516
491837
493136
493978
494162
494257
496730
496920
497900
498563
500594
502178
502616
503069
505102
505597
506903
507615
508209
508771
509367
509804
510172
510368
512147
512275
512431
513237
513899
514155
514557
514772
515572
515826
517068
518080
520229
520660
520679
521176
521351
523183
523267
523737
524019
524929
525549
525580
525891
528060
528275
528468
528748
528870
529311
529786
529804
530645
531681
531759
531987
532667
534331
534681
535663
538748
539041
539632
540863
541725
542969
544220
546148
547387
548915
549373
550652
552005
552403
552460
553573
553997
554823
555013
555833
556424
557105
557119
558129
558246
558871
560180
561082
561339
561714
562502
562677
562804
564068
564226
566491
567049
568237
569349
569500
571803
572372
573525
575249
576158
576956
578890
579567