30
109
144
1375
3224
3613
3866
4132
6428
7697
8027
8405
8881
9695
10161
11188
11825
12098
12357
12379
12766
12792
13325
14366
14483
14575
14886
15652
16890
17392
17946
19013
20063
20213
20362
20765
22097
22415
22689
22899
23447
24974
25377
26035
26164
26645
26801
27070
27329
27844
27919
28329
29438
29698
29753
30429
31540
31578
31590
31680
32176
32695
33177
33323
33998
34170
34579
34855
35018
35030
35351
35478
35962
36459
36544
36729
39708
39884
40143
40211
40884
41183
41754
41802
42418
42740
44436
44613
45306
45422
45493
45524
46059
46422
46640
47288
48139
48489
48559
48733
49851
49884
50535
51124
53176
53719
54229
54692
55823
56359
57005
57526
57866
58245
58838
58841
60297
60554
60602
61524
62175
62357
63017
63182
64836
64954
65029
65343
66753
66878
66902
67053
67262
67742
67997
68030
68445
68857
69145
69284
69934
70213
70251
70387
70965
70983
71429
71631
72509
72531
72733
72901
73196
73234
73757
73774
74461
75334
76589
76872
77760
78320
78640
78652
79156
79274
79670
79831
80207
80215
80408
80738
80801
81397
81431
81611
81994
82779
83002
83262
86117
86514
86916
86932
89005
89714
90818
90962
91681
92176
92445
92729
93219
93778
93836
93860
94272
94518
94863
95494
95554
95737
96586
96754
97021
97367
98671
98689
99094
99999
100253
100626
101632
101643
101692
102006
102662
103287
103583
103720
103846
103881
104349
104408
104564
105881
106194
107109
108446
109199
109522
109638
110257
110507
110567
111245
111972
112327
113455
113716
114139
114194
114202
114274
114474
114705
114749
115270
115358
115649
116270
116731
116851
117455
118780
118885
119579
119891
120907
121556
121785
121841
121977
122099
122611
122704
123268
123620
124235
124734
125036
125432
126536
126751
126921
127282
128282
128309
128428
128670
129557
129719
129733
130328
130967
131330
131731
133281
133462
134475
135761
136736
137273
138342
138368
138494
138861
139215
139333
139344
139386
139679
140179
141604
143089
143386
143661
144884
145127
145642
145989
146121
146591
146810
147131
147301
147716
148044
148348
148584
148807
148815
149102
149949
151694
152048
152089
152341
153016
154654
155102
155212
156326
156406
156836
157834
160041
160200
160429
160938
161193
161266
161278
161436
161885
162164
162216
162691
163011
163081
163106
163991
165907
165930
166589
166711
167498
167848
168060
168116
169154
169203
169282
169480
169878
170326
170990
171002
171316
171742
171875
172366
173647
173864
174011
174099
174357
175341
175731
176414
177058
177109
178144
179025
181079
181216
181699
181713
182468
183231
183495
184161
185116
185954
186179
187063
187810
188013
188181
188457
190052
190806
191005
191353
191881
191972
192357
193046
193759
194701
194850
195671
196721
197155
197167
198255
198631
199469
201062
201273
201757
201930
202548
202557
202964
203818
204424
204969
205367
205486
205934
206274
206913
207094
207331
208414
209813
210193
210549
211113
211408
211431
211725
211823
212514
213577
213911
214618
214834
215223
215840
216517
217407
217463
217623
218113
218784
218939
219451
220485
221042
221120
221360
221557
222344
223451
223664
223827
224633
225087
225264
225343
225663
227184
227517
227558
228043
228222
228376
228392
229138
230061
230094
230545
231071
231426
231503
231744
232290
232337
232417
232886
233538
233677
234316
234357
234997
235498
235532
236574
237418
237851
237954
238124
238712
238768
239052
239114
239706
241073
241667
242104
242549
242597
242695
243028
246677
247263
247515
247545
248016
248116
248280
249073
249805
250238
250566
250639
252272
252451
252873
253464
253904
255746
255930
255937
256189
256707
257020
258265
258823
258890
258975
259242
260135
260453
261696
261955
262041
262283
262329
262588
264767
264797
264843
264884
266133
266310
266820
266912
268071
268213
268276
268793
269232
269504
269790
269973
270195
270500
270846
271106
272100
272211
272405
272729
273094
273369
273560
274012
274897
276950
277448
277491
278020
278174
278494
278697
279071
279187
279511
279990
280740
280770
280852
281105
281442
281850
282669
282894
283583
283589
283814
284418
284759
284770
284964
285686
286012
286310
287364
287496
288547
289766
289987
290452
292998
293159
293252
293341
293586
293689
293979
294353
295286
295831
295958
296191
297907
298141
298998
299309
299781
300024
300467
300881
301646
301749
303010
303367
305853
305924
306407
306975
307514
307734
307781
308463
309404
309491
309563
309635
311099
311488
311988
312143
313116
313134
313666
313710
314561
315156
315374
315461
316575
317521
317684
318223
318637
318937
319136
319522
319996
320081
320238
320503
321511
322269
323028
323030
324286
324401
324603
325229
325799
327063
327324
327575
328246
329230
329268
329394
329989
330487
330578
331417
332723
332853
333241
333258
333749
333819
334041
334981
335477
336492
337007
337068
338235
338363
339007
339210
341049
341198
341916
342159
344599
345602
345635
345781
346189
346547
346566
346749
348056
348217
348528
348597
349560
349621
349744
349939
350170
350631
351104
351418
351610
351760
351966
352208
353306
353351
353568
354258
354631
354766
354846
355270
355828
356817
357108
357113
357173
358620
359365
359565
360045
360535
360589
360604
361193
361930
362524
362553
363318
363336
363546
363933
364160
365472
366577
366591
367188
367853
368764
368834
369546
369721
370117
371051
371839
371863
372112
372604
373184
373410
374077
374201
374916
375140
375201
375552
376153
376384
376843
377465
377716
377772
378001
378272
379038
379462
380182
381003
381547
381985
382017
382951
383173
383756
383760
383764
383888
383902
385339
386467
388106
388587
388772
388805
389188
389638
389731
389946
390864
391401
391971
392153
393127
393129
393542
393721
394248
394504
394550
395097
396115
396330
396743
397064
397772
398177
398270
399220
400722
401059
401362
401622
401768
402255
402542
402957
403526
403556
404585
404751
405133
405150
405278
406295
406749
406772
407545
407585
407967
408151
408351
408978
409134
409374
409408
410608
414603
414686
414959
415365
415839
416468
416652
417089
417161
417619
417887
418305
418989
419718
419892
420363
420629
421059
421502
421578
422351
423184
423585
423622
424434
424760
425037
425041
426528
427149
427613
427749
428126
429242
429539
429671
430850
431597
431650
432583
433389
433605
433985
435011
435249
435544
435766
435908
436400
436693
437816
438753
439364
439366
440984
441241
442060
443296
443315
443627
444315
445517
445528
445689
446036
448712
449098
449504
451400
451680
451701
452789
452953
453644
454619
455353
455769
456033
456637
457169
457258
457261
457651
457656
458802
459723
459879
460115
460186
461124
461744
462880
463039
463625
463859
463969
464898
466153
466671
466790
467491
468619
468891
468960
469287
469317
469389
469392
469737
469860
470196
470485
470799
470808
471156
471261
471837
471895
471905
472181
472455
472922
472938
473018
474031
474224
474256
474543
474859
474970
477321
478249
478577
478670
479314
479550
479611
480272
480451
480841
481290
481345
481399
481689
482197
482659
482879
483045
483630
483736
483923
484007
484992
485369
485499
485830
486005
486075
486606
487824
488853
489099
489510
490247
490578
490850
490908
491516
491932
493136
493978
494162
494504
494879
495797
496434
496920
497035
497542
497600
498090
498563
498854
499033
499274
499979
500356
500594
501323
502178
502305
502616
503781
504069
505010
505102
506327
506903
507615
507763
508209
508771
508969
509367
510172
510368
512147
512275
513237
513899
514155
514209
514772
515197
515434
515572
516088
517068
517251
517253
518080
518179
518180
518335
518646
518883
519186
519533
520092
520229
520352
520501
520674
520679
520736
521176
521351
521657
521769
522143
522749
522819
523183
523267
523742
524019
524144
524406
524929
525549
525580
525891
526473
526608
526781
527139
528127
528275
528468
528748
528870
529023
529311
529624
529804
530645
530958
531681
531987
532351
532595
532667
533569
534247
534331
534681
535663
536008
538748
539041
539922
540863
541725
542090
543201
543468
543769
543833
544001
544220
545116
545411
546148
546228
546690
547367
548136
548915
549328
549373
550652
551413
552005
552403
552755
553000
553021
553149
553997
554426
554823
555013
556424
556763
557105
557119
557987
558129
558246
558871
559762
559895
560180
560636
561339
561714
561756
561891
562620
562677
562804
564068
564247
564496
564920
565110
565600
566491
567049
567803
568256
568378
569349
569500
571573
571803
571885
572015
572689
573525
575249
575469
576158
576956
577488
577650
578890
579534
579567
580765
581739